np:16	tempo: 553.394151s
sup: 8,0232
ef: 0,5
np:32	tempo: 358.308293s
sup: 12,3916
ef: 0,3872