np:16	tempo: 553.394151s
np:32	tempo: 358.308293s